23596
2642
23272
3941
5013
23279
7684
23167
3722
23592
8749
4708
7497
280
2926
4871
24166
24887
23483
23849
4889
24301
2652
8839
9003
7579
7705
2963
23670
4661
23526
2975
24766
23120
4165
24308
3474
4383
8709
3598
7640
6934
4953
4982
2476
23445
23189
24226
4271
23725
4731
7721
7717
9048
24668
2296
7638
23274
4815
24260
24801
2796
2955
2890
24375
24582
23637
4417
3618
23201
2312
4877
24492
8649
7161
23309
24126
4275
4240
24421
2753
2894
24270
8299
8248
2691
7290
8690
9238
7220
2277
4474
3563
8225
3678
24120
23347
4659
8380
3893
23417
4453
23720
3439
9019
6983
3807
7475
23359
3851
9038
3850
24085
15
23385
2849
6810
2783
4870
8509
4980
3424
3634
2931
2833
23292
4376
298
23018
23702
8542
7755
24129
7054
24962
4142
7805
6837
24430
7253
4408
3744
2928
4011
3725
3937
4437
4669
4114
23710
23055
23981
7720
8829
2716
3849
23421
4572
23082
4577
24867
4282
272
23341
7836
24638
24600
23791
8231
4904
2196
4340
2990
4634
23118
23397
2462
23299
23453
23823
7078
212
24361
2878
23438
23195
8813
23237
23654
23632
3493
2865
8613
2839
3955
24756
23428
24070
7368
23910
4644
24286
4677
23662
3960
23322
2112
23917
8954
3531
2497
8634
3398
7247
2916
8315
4404
3412
24256
8514
9027
24576
23857
3566
4672
23923
4580
8951
2995
7323
4607
23738
24848
24152
4954
24937
24075
8558
23897
2824
24169
291
2525
7233
23530
23462
8223
2464
2294
24647
7299
3490
23889
23425
4784
7016
6767
23887
8454
23969
24684
24124
4319
24201
8441
24886
3768
7219
3794
2478
6720
8503
24069
7803
4202
2937
2843
270
23919
7333
24232
2245
2227
23104
23685
23047
2986
251
3734
7580
23075
3833
2168
8297
2191
24764
4622
7614
6938
23456
23029
2385
9054
2656
3556
2469
8763
2405
24357
23692
2193
2646
6918
23756
2307
23850
24616
24184
24130
23706
24052
24592
8932
2477
7418
24373
4084
4559
3958
23439
2261
8296
6716
24252
2449
2325
7625
24958
24986
24320
23963
4390
7216
228
23519
3622
23945
4804
7815
24692
23221
7577
24870
24159
234
7800
23901
4630
290
23641
9062
24267
244
24086
8794
8933
248
7670
7442
8943
2640
24265
23500
23770
3443
24204
24452
2997
2285
2802
4512
23105
23962
7226
23535
24140
23095
24114
2423
23218
24171
24521
2942
24835
3593
4561
4232
4028
23231
24879
24899
7003
2199
4895
23614
6820
4131
2372
24644
24901
7053
2387
2353
23686
24149
4480
24043
24868
7232
7599
24274
24661
7589
2357
24266
24555
3755
9232
2364
3538
2850
2701
7021
23727
250
24343
23851
8272
24633
7131
23639
23435
3827
23605
2892
23712
3906
6869
8893
2485
2287
2500
8397
24862
2740
23786
23034
7023
23748
7788
7470
4364
8989
23200
24765
24589
24479
6713
24019
24060
4046
24782
7406
23178
23508
3976
7258
24154
23324
24945
23049
24697
3718
24529
23023
295
7311
8609
23905
23093
2489
8774
2181
23256
23073
3847
24218
7179
3936
3949
4919
2269
3808
8849
4188
8639
24997
2514
24321
2187
4881
23080
2104
24528
2662
3606
4504
4360
23761
6911
23860
23613
6966
4421
6754
6937
3706
2513
4646
23264
7127
23472
23895
7144
3759
7562
4296
7519
23640
23972
24527
24317
8880
3460
2832
4030
3812
7080
8559
23764
24272
4014
23862
4651
2158
23388
2707
24577
23853
7325
8543
23240
23229
6924
4663
4479
225
23083
23250
3676
24071
4824
23301
23373
2863
23814
23933
3764
23
4124
4625
23070
23423
4514
7012
23911
7793
4864
6883
2355
7501
24047
23719
24613
4485
8537
24824
24473
4315
24554
7548
7298
23768
23150
2305
2668
23052
24953
23409
23461
3973
8521
3653
2386
8587
5005
4002
23627
24561
23653
4100
23571
23657
8615
23117
2424
8488
3570
2893
4933
7486
23583
23742
23235
23494
4671
4592
8985
24324
8888
23935
4062
24770
3707
6739
2493
2505
24487
24938
3519
8946
23560
4571
24908
8937
24287
4450
7752
7582
6771
3844
2108
2451
8428
8227
24110
24118
24105
23169
7227
7647
4827
2363
23587
4744
24796
8250
2337
2173
4015
4564
24065
4329
23938
24857
4016
7303
7120
4524
24706
2466
24403
7455
24707
3981
24733
4341
4940
8364
2389
4782
24057
23300
265
4436
7787
24944
23450
7564
24062
24708
2303
23065
23521
6779
2516
23660
2512
8643
3633
2612
2917
4928
7575
7796
2725
4967
2103
2692
3559
7813
2935
8626
4393
7516
2633
23277
23140
7184
2382
224
24672
24683
6855
240
7592
2817
4819
23998
268
8222
4683
2851
7549
24304
4581
8994
24754
4701
23030
3810
3885
2359
23370
24537
23437
24367
24655
4788
24214
6709
6950
7168
2164
24004
3587
3532
7044
23658
8675
23346
23763
24904
2629
24941
4446
116
8862
5019
23447
7734
278
8270
24961
3806
23348
8683
7656
3600
23832
3877
23396
23176
24694
4414
4703
7578
4163
23839
24715
4090
24909
23894
3760
2650
7723
24393
3689
23471
7251
3853
4373
8530
24993
24566
24778
23158
24514
24141
3430
2291
2246
4922
4135
7618
2437
23343
2835
8887
5002
24230
2874
23598
7276
23780
3528
24013
6892
4071
7527
4026
24088
8910
3497
3724
2331
6830
4068
24422
24947
6959
4589
23579
2231
4169
24079
7388
8505
23199
23541
24547
2518
2634
24284
23846
8340
7022
4926
2670
2769
3485
2342
4632
24025
4753
23830
7533
3713
7009
8292
24956
23491
24250
4536
4130
4902
4147
24581
2791
7738
2749
23591
7125
8650
6802
2807
249
6838
3696
3983
24523
23206
8565
4020
4834
24432
23522
4086
23485
3740
23094
4277
2511
2744
4931
2814
23224
2491
24563
3592
24083
24584
23615
8478
7510
8401
23275
24762
2107
23255
6783
8808
2429
4074
4511
3957
4702
23002
2962
4588
4005
3657
2973
6885
23198
4501
24386
7440
23271
2908
23035
23355
4863
24686
28
226
6864
5026
7188
24258
4847
7337
7749
9040
4305
23693
23241
2887
9018
2936
23168
2648
24637
23549
4545
23867
4077
23624
2610
7714
3767
23432
6706
24525
23787
5020
23084
24990
3942
2855
23452
7521
23534
2211
8772
23033
8531
7481
5027
4567
23777
4205
4999
7061
24652
2308
7157
6816
7832
2124
8580
7199
4912
24682
23858
4605
4040
23806
2314
3738
24927
2510
24203
24651
8320
4978
23097
4003
8827
24455
23004
24593
3434
24812
23900
24673
24935
8764
23600
7243
23993
7659
8660
23016
7544
24509
8652
2848
2944
233
24132
7386
3518
8876
4061
24550
24729
24113
7317
8337
8866
2290
2114
23099
24872
8803
3840
8497
3594
9058
23297
24073
8740
2258
7212
2515
2141
7777
4655
23232
4965
7242
4848
23581
23320
3917
23536
24111
23053
8800
4599
23183
2369
6906
6775
4726
3961
8728
23745
24693
4614
2529
7121
24345
3952
24914
24439
4945
4435
8658
220
7306
23138
6757
23203
8582
23644
7010
7055
24538
24786
9001
23914
24889
8678
8892
2649
8991
4942
24048
7581
24821
4076
24907
23108
24850
23166
24932
23464
2241
23828
9060
24036
2178
8525
2519
4001
4294
23940
8970
4064
23855
2268
4917
19
23875
2979
8665
4569
3562
2761
23812
24407
24723
23008
24491
2420
24042
3736
24099
3464
2394
4050
4520
2907
2472
23259
23803
23959
4153
23859
8516
2292
24045
4771
6982
24157
9061
2234
3943
121
8784
8646
3625
4397
23663
6943
24303
24408
3684
7612
23223
23848
4144
7139
7679
7067
24985
24122
7274
23267
7248
2681
6896
2145
7182
2154
24454
23314
271
7134
24441
23740
8374
4440
23184
8697
2179
23247
8908
8770
3868
2672
2793
4481
8388
23466
23404
24898
24424
23752
7473
2623
7729
4757
24396
24461
2790
4154
23378
2958
24871
6741
8395
23594
23804
23713
24975
7553
3469
23572
24172
23091
2440
4110
2767
3753
2311
23426
23883
23683
23518
8434
23170
8909
8815
7426
6815
9023
4820
3758
4227
7318
23361
4249
3788
24471
7304
2274
7485
23747
3409
23010
24077
23058
23575
2271
2925
24229
24330
23190
23125
4007
6814
7353
23666
8539
23427
24743
7153
2801
4072
4950
2259
23515
2214
8696
7833
7645
2275
6746
24890
24793
8947
8260
23136
23064
23207
2220
3712
2895
4935
4346
24517
2116
3652
24398
2503
2915
3608
24478
266
2897
4286
2898
4139
7532
23724
4528
2837
2406
4047
8958
223
2948
2816
24059
2674
3803
24759
2262
8377
4992
2857
2983
8630
7229
2956
3585
6723
8526
23119
2177
8883
24864
23630
2205
23329
7234
2326
2996
4091
2453
8496
4246
24860
7176
24972
3829
4907
23983
2215
24548
2189
23820
4368
3703
4797
8952
24012
23865
2354
24281
4347
2163
7571
24353
23559
24746
24534
216
2293
23636
4626
24897
2110
23382
23863
9056
7062
24736
9026
24968
7551
24823
7152
23512
7674
3682
24416
3402
24946
23186
4178
8554
23066
6734
6735
211
4410
7268
3527
6789
2709
8765
2914
7300
4394
24390
8693
2762
4464
2784
2409
3407
2643
2171
24632
4349
24579
8978
23903
24987
24777
24660
6740
23276
7658
2780
3880
2202
227
23612
3968
2819
24881
8276
23726
24781
24211
7264
24032
4717
4401
23026
23709
4231
23567
9020
4777
8440
23124
23915
4391
24418
23407
23192
3993
23728
8405
3445
7496
7585
2175
4643
24356
8224
7490
2138
24207
24397
6871
7384
24591
7129
23503
2132
3416
4168
2891
23722
8404
23672
23861
23721
4595
24451
24863
24015
4322
7294
115
3929
24151
8237
24116
2433
8322
23645
24319
23622
24745
23711
24325
24840
2304
23907
7069
24849
24614
2267
6781
3613
24856
8534
23757
7507
23870
4789
24162
6726
3607
4187
2506
4623
3784
7491
23943
24906
4748
2144
4257
8436
23415
3923
24829
23826
24634
7190
24061
24477
2408
4116
3647
7525
23925
3624
24767
23175
23225
2620
2778
3814
24358
2615
4037
24037
24807
8867
3488
4372
24138
23661
4830
3742
4959
6778
7626
23102
24685
23281
24350
2147
4237
8461
23913
23418
2639
2143
23473
3945
7631
2742
8647
23130
3540
2321
4732
7409
3748
8979
23888
23440
24435
8392
23950
24056
7724
24170
24235
4133
24626
24078
2395
23558
4865
23146
2794
2327
24035
23222
23942
8258
118
6733
7359
23953
23352
23532
8987
23337
2985
8517
4930
24621
6835
24687
2663
23465
24599
3413
23507
8332
23414
24255
8403
23356
24247
3637
7535
6818
2263
3867
7730
24338
2661
7320
24371
2165
7238
24292
24979
4790
23703
2821
3643
2470
23996
24980
24372
23982
24662
24853
23893
23109
8801
2276
7403
2490
3651
24027
4094
2765
4640
3863
24209
8796
2222
7555
24518
2614
24382
23208
23390
23424
2157
8513
24444
6747
9235
24131
23476
23048
2647
24595
23589
2965
8727
24087
2502
8396
7305
2684
4586
4409
2349
3745
6901
23898
8689
23562
4073
7432
23810
7223
3883
2192
7593
24854
23949
2773
8914
9021
3438
24385
23701
3425
7392
23773
4836
3699
8491
7288
23193
8218
24603
24063
2713
23754
7361
24237
8238
4351
24456
7046
2153
23674
24948
8282
9007
23620
23700
4905
23684
24546
23628
4442
8493
3805
2445
23845
2641
3815
24809
8217
24448
2901
2319
23607
8929
2953
4779
4602
8311
23430
2717
7235
24772
24098
2379
23929
2669
23844
7200
4162
23266
24095
3511
2160
2721
23656
4256
8226
24991
2825
24485
2799
7502
7355
3623
6825
6891
4809
23755
24030
2377
24545
7415
2910
5011
2772
8759
4413
7217
23834
24020
24199
6881
4088
3910
2458
7710
3498
7269
24605
3471
24449
2743
8881
8841
8329
24376
8314
3799
24747
2959
4134
24670
24415
3856
3780
24769
7079
24891
4861
252
8451
24702
9035
6893
4610
23182
24216
218
24880
4756
23928
4540
3642
4443
3986
24645
24469
7357
2404
23372
8424
24774
4049
7731
23325
7112
23365
7820
24691
8972
6915
24803
4868
23964
8919
2729
24106
23584
8637
2329
7530
8319
24000
4652
4666
8757
4259
24775
24188
3561
2328
4309
24810
23829
7829
24942
23556
23458
23545
2830
7252
2323
24458
7663
24619
6853
7456
7776
7812
24701
24811
24737
24024
23876
2524
23307
24180
23155
2504
24636
23807
24331
6905
23783
6961
24342
23061
4535
23187
2417
24009
24346
23391
4529
23488
24532
23899
3954
7842
24406
23122
7136
7665
3792
5024
4101
2943
2676
4021
6878
6939
3704
7437
25
8869
3448
24222
23386
23514
23565
4497
2365
23270
24493
8812
23290
2411
8984
24838
23278
24196
7214
24813
23479
24758
23668
24326
24039
4826
24530
7162
3909
23003
18
24392
23989
23750
6976
4388
8369
4160
4482
7322
7493
23569
7001
4228
5012
24773
8899
2454
23054
23625
24505
8661
4185
23646
7295
2658
23795
24370
2810
24752
24587
23463
2111
23230
284
23126
4069
3726
4082
2260
2770
23260
24434
8628
3401
4909
24804
24049
8861
23021
8636
8529
8473
23856
24005
2481
24279
2619
24744
24568
8495
4727
8309
2706
2473
23647
2251
8351
214
24354
3685
2970
23602
7284
247
3595
7374
2162
24438
6729
7042
24067
23813
24104
7270
2203
24526
4066
2877
8968
5000
2781
24102
3525
2960
7339
2184
3947
4402
24648
2170
4903
23766
24054
24244
4849
23449
23022
7419
2751
9055
23997
23051
4639
6826
4996
23825
23204
4710
23694
6877
4042
24795
2105
24728
2710
24417
3619
24460
23566
2455
23072
2219
7542
24763
24194
2317
24183
23436
8339
24150
8246
23107
2256
3549
7363
7215
23493
8642
2233
24601
8316
8359
4297
2746
24524
23955
8277
23342
8398
7771
2611
23772
4175
24571
9242
23288
24001
7610
23538
24749
23280
24825
23389
4914
8755
23947
4375
24313
8381
2430
7499
2859
8470
24873
7826
2798
24839
2889
24928
3649
8523
4688
4799
23103
2933
8981
23077
24727
2788
24409
24142
23078
24158
24704
4298
8976
23148
24981
2732
24246
23327
24912
24497
23096
24426
4594
7508
2213
8641
24580
2427
8676
2831
3579
23213
4983
4466
7271
23330
8635
24243
7273
24445
23336
8585
24885
24283
7743
4377
8500
7336
24841
23137
23902
4556
4288
23498
23916
24791
6858
4957
7811
4673
6805
23318
23173
24380
8611
23939
3705
24208
3895
8326
4825
23153
23528
3733
2335
7408
23007
8941
4455
8426
23979
24486
23879
2185
3766
7283
9037
23751
4972
24297
3480
8854
292
23303
2951
23563
2671
24269
24653
4906
3795
2755
3975
2758
24055
8413
7816
24954
2446
8576
4045
4311
4908
7370
24402
7218
2380
9047
2242
2800
4656
23801
23467
3588
2221
7841
8631
24989
2653
24101
23537
23179
24089
23363
7145
23733
4562
2100
23282
4475
14
4764
8638
7484
23689
2230
4182
7207
24710
24428
23606
24730
24567
2971
2974
8811
23805
23433
2829
24496
2345
2660
7081
23442
24564
6902
24011
4615
23162
8390
23261
23577
4537
6930
23671
23376
3898
24917
23608
23785
3922
24181
24819
4543
23920
23177
3931
4070
23934
2194
2694
24395
23886
2252
23236
2403
2281
230
24884
8781
23375
23796
3577
3819
24115
3905
23776
4216
7754
24217
9240
23212
24064
4358
24109
24276
24994
4734
4706
2902
4287
2685
238
7350
21
3911
4642
8234
24820
285
6829
2686
2360
23149
7629
6932
4386
3915
2378
6849
4635
7586
4874
16
23181
23121
8612
24711
7014
2805
8336
2521
2344
23635
8567
2362
24031
2102
3988
24753
23717
4447
281
3484
6755
7000
4419
8506
24182
23310
24650
23383
7712
7245
4136
7802
6756
4587
23345
23749
24300
2715
3946
7389
8783
7682
8742
2180
4023
4184
23673
24488
24275
6912
4273
23074
2398
4363
3677
2526
2992
4754
7444
4224
23305
6839
4487
6925
7457
7123
7668
8874
24248
24797
8378
7177
3417
24911
2244
7422
24238
2240
24431
23496
7745
3543
6908
2991
23866
120
7778
24846
2391
6766
4171
24306
2225
2376
23037
23707
2496
2356
2903
2523
4140
7141
24562
23927
4988
2414
3567
7210
3611
8691
24108
24178
7181
3750
24309
2310
23499
2776
24544
7084
23252
7150
24262
23041
8350
24097
2425
7414
2919
23516
23367
239
7671
24666
7024
6745
4970
24943
24318
2167
24724
6958
23393
23459
8300
4058
24470
4675
24712
7480
24133
3597
2176
4396
3501
24629
3824
9046
24366
3791
23128
24322
7008
8561
24259
6762
6859
23492
24586
2443
6715
3921
7405
24002
24202
3925
24348
3539
8361
8425
3436
2300
5025
2159
2190
24553
2695
24677
23085
7711
3522
24335
4173
8810
23087
7782
3857
23520
8365
8602
3878
6786
4057
7262
8767
23775
8998
4107
7753
24905
4255
2875
23326
23012
2139
24624
2712
2673
7795
7831
3964
3816
7611
2436
24615
23481
3513
2994
274
24558
4000
8992
6749
3565
4689
7089
7077
4574
24228
2200
4141
24649
23716
2667
4854
3663
23298
23145
8926
2941
8287
24779
24302
3899
24669
2338
23539
24674
4312
24609
4750
2733
3534
24542
2212
4733
2197
8766
23906
2232
7453
2166
3728
2416
24572
2358
2924
8347
24090
7098
23739
210
4291
4668
3948
24316
7115
2370
2322
23568
2121
8738
23610
23246
2664
23127
2381
4491
4692
23135
8443
3894
23788
2412
4034
24433
23809
2428
2870
4631
23014
2247
6985
2856
8233
24698
3446
23952
3972
2811
24333
3950
7060
3797
7488
6923
2722
23366
23792
7843
24830
24145
6791
4725
23312
2520
8507
24869
23357
23196
7799
24926
3821
23381
24551
7140
4238
8825
7557
4853
2747
2945
8731
3437
2989
3999
23332
6808
24922
24720
6780
7797
2869
23268
23098
23046
7429
24998
2735
7689
4590
9063
8408
4987
4549
2976
24006
2399
8394
23688
24771
2509
7546
24776
2804
24148
7824
8293
23585
23106
2981
4687
9016
7263
6797
4488
2298
24368
8710
8448
8915
293
23961
23948
3568
4399
9029
23931
2507
24594
4145
24389
24805
24817
2467
276
24964
24231
23765
7032
23502
4234
24257
7020
23835
3475
2172
2750
7411
24709
3530
23885
4816
24976
6714
23317
3854
24076
23015
24337
24607
4013
4949
7695
24999
2333
5015
23564
2708
23650
3995
2279
4718
8671
2993
23339
294
2156
24195
7289
23554
6763
24193
2306
2484
24833
2846
2982
3720
2954
2237
23480
9012
4161
2815
23505
8328
8288
23987
7166
4207
24489
3509
24722
23214
24951
3796
6873
4266
24920
23349
4755
8882
23323
8437
3629
8621
3536
2866
23032
23732
23408
3966
24190
8303
24855
8275
3825
4115
24877
7482
4879
3741
7301
23234
24291
24578
23973
8625
3669
8931
8688
6708
9236
6773
2787
8795
4379
7594
3709
24836
24970
4961
24921
8619
23163
24699
7066
7371
7035
2731
23912
23680
23043
4200
7340
7759
24790
2861
23994
7379
4843
4367
23542
8487
4857
8502
4362
24847
24602
2393
8799
3731
23995
24888
23245
24261
2283
2987
7017
7137
8865
7423
7050
7425
9050
23821
24726
4964
3515
24671
24984
23695
7133
23116
3601
4196
24336
8802
24213
3793
24814
24667
7775
23540
9034
2876
24174
23143
24332
23951
24495
2689
4693
23676
24910
2134
24573
3628
24659
3461
23331
25000
23586
24360
23723
23001
123
4550
6914
2705
23335
2949
3859
23744
2396
24017
2210
4973
2297
24915
7630
23976
23595
296
23843
23228
7441
2265
24966
24352
236
24299
6845
8816
2348
6792
2826
24378
2972
6971
6968
4807
8492
7463
24206
24490
23123
3569
23242
4459
2754
23233
23005
24041
288
7256
7330
7726
4913
23932
3476
4841
4893
24391
8791
2146
4884
23068
4008
8925
23578
2400
24549
3656
23422
4886
2494
23319
4452
23633
2723
7291
7310
8955
24934
23400
6898
8684
23071
2678
24215
2223
8409
23771
23360
2101
23239
4089
4513
8406
7839
24679
4166
24978
3930
24900
7817
2318
2864
23678
8679
2978
8244
4434
2442
23715
4180
2906
24858
24818
8777
267
2498
222
23362
8956
4709
7280
24590
23411
4416
4885
24137
4803
217
4875
23822
23050
24689
2115
4012
8325
23398
3862
24314
7828
24475
4248
6743
23758
7272
6836
7040
235
7039
3860
23446
8843
2286
24282
24508
24734
2779
3517
7616
4226
4356
23142
24127
237
2624
24861
23334
4739
24789
2803
24631
24965
2401
4198
24440
24787
24437
24681
24630
23529
24876
7567
7454
7073
6895
2736
2841
4892
24082
3638
23216
24465
7113
23202
2499
8868
6813
7518
23253
24969
4601
24507
4508
2236
6996
2208
8459
2763
24543
3665
3419
6936
3500
4722
4704
7159
7287
23293
24136
7750
3589
4119
24147
5017
4239
8659
4458
4132
24423
4467
24034
4148
23188
6833
2896
2727
23909
4113
24622
23191
23510
9241
4156
2899
4127
24973
2818
24640
6967
24865
27
2367
24540
2402
3655
4263
2448
7478
24500
24341
24606
24369
283
2675
24081
24516
23249
4194
2207
4686
6868
24051
23474
24349
7620
9043
23062
24482
24429
23448
2450
7119
23922
24822
7334
7043
24168
3858
4215
4463
24414
8924
2228
23443
8221
24273
23980
23517
24842
7100
7132
6840
2696
24080
3695
24784
23655
23789
2745
23304
3548
8214
7412
8439
2665
4357
4670
4027
3782
4280
8479
2320
23020
2243
24119
23966
23497
3887
3403
4681
24635
3661
24831
23368
23100
24450
4317
3967
24768
23161
24224
2961
24192
3719
3444
4451
23784
3914
24556
7621
4929
24536
23286
8657
24128
24327
3864
23896
8891
8433
4778
4490
8266
23487
8773
24748
24675
23550
2301
8705
7365
24198
6827
5006
4331
24210
4126
3715
2637
3547
7237
24156
23590
2774
23968
4433
2868
8384
23576
8785
2438
24351
24125
23011
7556
24355
7681
7687
7225
23868
23131
5029
8536
23113
2426
9006
2766
8591
2771
6790
4355
24716
23111
3667
23930
2266
2904
2201
23908
24939
4887
8475
2527
23759
2967
3508
8575
2487
3596
11
2748
7657
8832
8357
24583
4155
3717
23374
24467
7543
23817
24918
24315
24851
23696
2702
2659
24135
241
2434
2809
4254
23114
23287
2858
7602
8241
23509
8685
24719
2418
24512
6817
243
7082
23384
24139
7534
2999
4991
4361
2760
23013
7827
23403
24714
2182
7536
4385
2254
4548
3583
23308
7574
2842
23729
24028
2631
8254
213
7118
24924
231
23790
24845
24878
4083
24153
24103
2618
24792
2253
4499
24468
2140
7443
23531
23076
4323
23667
7835
23444
24893
24003
2432
8564
3529
24959
23197
23708
4415
24741
23974
24931
4719
4539
8310
2295
4492
23344
3763
2352
24383
4821
8982
6728
8331
8835
24298
2371
7360
24826
4800
24044
7600
2152
7559
23731
24463
2853
24310
2923
7312
2613
7381
7699
2957
6748
4365
8668
4138
24610
2984
24123
8457
23884
2330
24785
23815
2929
8645
263
23377
2690
7313
6874
24014
4679
23395
2693
24642
4791
23880
9036
2350
2885
24520
3616
24289
24974
23831
2900
8578
4534
23753
23045
23144
13
23501
3916
3865
7641
23431
24843
6848
24100
24996
23691
2118
6999
3934
2106
2682
6913
24800
3811
9039
23024
3429
9009
23971
3956
24091
23394
23582
2921
23060
4653
23651
4781
2198
3454
4974
2113
24329
6803
2288
8666
24676
8556
8601
3664
2161
24894
110
24656
4369
23295
23864
24501
4516
3870
2339
2183
119
4313
7191
2235
24504
9022
2224
4473
24739
3421
3447
4431
7511
23063
24703
2257
24852
23988
8599
111
23311
2129
23059
2444
24307
24167
24646
7739
6776
23038
2238
3406
23451
24557
23705
24436
8239
5023
6851
24552
24742
24740
23618
24815
7540
24399
2410
7402
4406
23306
8540
8921
2366
23254
23160
23419
24466
23778
2195
4343
24788
23574
2109
24112
2413
8480
275
7609
23847
8753
24882
24340
23999
23294
2950
8672
24837
24751
24007
4400
4328
8830
4737
7398
7652
7404
3591
4044
8498
7794
7624
23609
3982
2768
2655
7027
4770
4736
2384
23769
24750
6867
2456
2137
3801
3641
23991
2468
23495
24029
24618
24967
24700
8596
2635
7154
3494
24690
7250
7033
23881
4004
4507
2388
24875
2452
23028
2209
2630
3545
23877
24134
2827
3686
8572
23833
8532
8724
2272
24236
4796
4149
8870
23321
23090
24539
24760
5021
2151
23205
3963
23649
7208
23019
8884
7495
4494
8917
23573
23735
4763
23774
2383
3897
24362
23816
2998
24883
23611
24940
23698
2909
7241
4095
2911
23629
24565
23946
23469
24502
4579
286
2913
24413
24453
24294
24457
2871
24263
2872
23704
7277
2775
3672
2638
4424
24254
23151
23340
4729
4932
23957
24498
3560
6887
3683
7627
7474
23878
273
7030
3770
3564
4235
7623
23263
24365
4960
4846
24476
3503
23358
24223
7031
23782
23338
2969
6722
6732
4925
23634
3405
24018
7728
23553
7146
23269
7037
7500
7742
7103
2347
24187
7675
23986
24472
23036
7572
4272
8232
3496
4981
4243
24696
2375
3932
2628
124
23892
24639
4418
24919
7063
23139
2439
2249
23944
24008
2117
9051
24559
3842
24412
2654
23219
2836
24058
2131
7446
24510
7072
23027
24033
279
7603
2738
23273
24388
23406
4457
2988
2341
7566
4844
8729
24802
2934
7576
3614
23675
24731
7104
23416
4031
2677
4503
6948
24347
2492
23985
2968
23172
24328
8852
4337
23457
2688
24143
23781
23557
7762
8212
7169
24155
8734
242
7025
7324
24688
2461
8677
4896
4214
8703
3979
2683
3574
2938
2756
5016
7028
24494
7329
4033
2482
23056
7052
4010
23180
24678
24480
23185
6738
2447
2169
24084
3521
2142
4582
262
23984
23737
23486
2966
6831
7076
2148
23258
4720
24363
4654
2289
8550
2351
246
2714
2340
7837
23730
2299
6963
2718
9239
9000
3603
24425
7011
6870
4103
24117
23129
4519
4461
6736
3708
2120
23799
2940
4333
24611
8923
24016
8655
117
6721
23405
3470
7116
4765
24794
23101
24757
23603
4948
23069
4353
8236
24949
2130
7523
4712
3414
8432
2862
8519
8353
24988
2797
24522
24253
3420
24971
2720
2127
4606
23132
2125
23659
2459
23687
3466
23623
24462
8584
6962
23599
8362
23477
2867
24066
9053
2270
4350
2495
23401
2617
24447
24511
2719
24271
8739
3913
4840
7642
3852
4518
4936
2248
23067
3610
6955
3813
2501
24443
4092
24290
23506
